941705  0  1  0  0  1  1  0  1  1  0  0  1  1  1  1  1  1  1  1  1
951982  1  0  1  1  0  1  1  1  1  0  1  1  1  0  1  1  0  1  1  0
962603  1  1  0  1  1  1  0  1  1  1  1  1  0  1  1  1  1  1  1  1
964827  1  1  1  1  1  1  1  1  1  1  1  1  1  1  1  1  1  1  1  1
965917  1  1  1  1  1  1  1  1  1  1  1  1  1  1  1  0  1  1  1  0
969251  1  1  1  1  1  1  1  1  1  1  1  1  0  1  1  1  1  1  1  1
969634  1  0  0  1  1  0  1  1  1  0  1  0  0  1  0  1  1  1  1  1
970425  1  1  1  1  1  1  1  1  1  1  1  1  1  1  1  1  1  1  1  1
970739  1  1  1  1  1  1  1  1  1  1  1  1  1  1  1  1  1  1  1  1
971265  1  1  1  1  1  1  1  1  1  1  1  1  1  1  1  1  1  1  1  1
971394  1  1  1  1  0  1  0  1  1  1  1  1  1  1  1  1  1  1  1  0
971395  1  1  1  1  0  0  1  1  0  0  0  0  0  0  1  0  0  1  1  1
974521  1  1  1  1  1  1  1  1  1  1  0  1  1  1  1  1  1  1  1  1
975206  1  1  1  1  1  1  1  1  1  1  1  1  1  1  1  1  1  1  1  1
975327  1  1  1  1  1  1  1  1  1  1  1  1  1  1  1  1  1  1  1  1
